>AGATAATTTGTA	1-AGATAATTTGTA	14.522037	-23.830443	0	T:4.0(4.26%),B:3.5(0.01%),P:1e-10	Tpos:29.2,Tstd:4.5,Bpos:19.8,Bstd:8.3,StrandBias:0.0,Multiplicity:1.00
0.997	0.001	0.001	0.001
0.001	0.001	0.997	0.001
0.500	0.001	0.250	0.250
0.001	0.001	0.001	0.997
0.997	0.001	0.001	0.001
0.997	0.001	0.001	0.001
0.001	0.001	0.001	0.997
0.001	0.001	0.001	0.997
0.001	0.001	0.001	0.997
0.001	0.001	0.749	0.249
0.001	0.001	0.001	0.997
0.997	0.001	0.001	0.001
>KCCTTTAGAAWT	2-KCCTTTAGAAWT	10.500231	-23.280990	0	T:6.0(6.38%),B:33.1(0.07%),P:1e-10	Tpos:26.8,Tstd:2.9,Bpos:24.9,Bstd:9.8,StrandBias:-1.0,Multiplicity:1.00
0.001	0.001	0.533	0.465
0.001	0.590	0.001	0.408
0.379	0.619	0.001	0.001
0.001	0.001	0.001	0.997
0.001	0.001	0.001	0.997
0.001	0.001	0.001	0.997
0.997	0.001	0.001	0.001
0.001	0.001	0.997	0.001
0.997	0.001	0.001	0.001
0.997	0.001	0.001	0.001
0.465	0.001	0.001	0.533
0.028	0.001	0.001	0.970
>GWSYAAAAMACA	3-GWSYAAAAMACA	7.896014	-21.424690	0	T:5.0(5.32%),B:19.9(0.04%),P:1e-9	Tpos:20.0,Tstd:8.6,Bpos:23.2,Bstd:10.4,StrandBias:0.6,Multiplicity:1.00
0.001	0.001	0.997	0.001
0.511	0.001	0.001	0.487
0.001	0.536	0.462	0.001
0.001	0.462	0.001	0.536
0.997	0.001	0.001	0.001
0.997	0.001	0.001	0.001
0.997	0.001	0.001	0.001
0.970	0.001	0.001	0.028
0.462	0.536	0.001	0.001
0.997	0.001	0.001	0.001
0.001	0.997	0.001	0.001
0.924	0.074	0.001	0.001
>TAAAATCTGGTA	4-TAAAATCTGGTA	15.096400	-18.480644	0	T:3.0(3.19%),B:2.0(0.00%),P:1e-8	Tpos:25.7,Tstd:1.7,Bpos:21.3,Bstd:5.7,StrandBias:1.0,Multiplicity:1.00
0.001	0.001	0.001	0.997
0.997	0.001	0.001	0.001
0.666	0.001	0.001	0.332
0.997	0.001	0.001	0.001
0.997	0.001	0.001	0.001
0.001	0.001	0.001	0.997
0.332	0.666	0.001	0.001
0.001	0.001	0.001	0.997
0.001	0.001	0.997	0.001
0.001	0.001	0.997	0.001
0.001	0.001	0.001	0.997
0.997	0.001	0.001	0.001
>TTAGCAGRTMTG	5-TTAGCAGRTMTG	8.112372	-16.646628	0	T:8.0(8.51%),B:265.8(0.55%),P:1e-7	Tpos:29.1,Tstd:13.4,Bpos:22.3,Bstd:11.9,StrandBias:1.0,Multiplicity:1.00
0.295	0.001	0.098	0.606
0.098	0.098	0.001	0.803
0.704	0.001	0.197	0.098
0.099	0.295	0.592	0.014
0.196	0.802	0.001	0.001
0.901	0.001	0.001	0.097
0.295	0.098	0.494	0.112
0.492	0.001	0.494	0.013
0.098	0.001	0.098	0.803
0.295	0.409	0.099	0.197
0.196	0.001	0.001	0.802
0.001	0.295	0.606	0.098
