>TSCTAAAKAA	1-TSCTAAAKAA	5.528164	-25.906904	0	T:13.0(13.83%),B:449.9(0.93%),P:1e-11	Tpos:23.7,Tstd:6.8,Bpos:22.0,Bstd:11.1,StrandBias:-0.7,Multiplicity:1.00
0.001	0.001	0.001	0.997
0.001	0.491	0.387	0.121
0.106	0.892	0.001	0.001
0.001	0.001	0.001	0.997
0.997	0.001	0.001	0.001
0.997	0.001	0.001	0.001
0.997	0.001	0.001	0.001
0.001	0.001	0.558	0.440
0.611	0.001	0.387	0.001
0.997	0.001	0.001	0.001
>TATACCATAW	2-TATACCATAW	7.754968	-25.503118	0	T:13.0(13.83%),B:464.5(0.96%),P:1e-11	Tpos:25.6,Tstd:6.8,Bpos:21.2,Bstd:11.7,StrandBias:-0.7,Multiplicity:1.00
0.141	0.001	0.201	0.657
0.599	0.195	0.205	0.001
0.001	0.001	0.001	0.997
0.790	0.001	0.001	0.208
0.001	0.997	0.001	0.001
0.001	0.997	0.001	0.001
0.997	0.001	0.001	0.001
0.001	0.001	0.364	0.634
0.997	0.001	0.001	0.001
0.437	0.001	0.249	0.313
>ACAAATTAAC	3-ACAAATTAAC	11.266938	-19.173474	0	T:6.0(6.38%),B:66.9(0.14%),P:1e-8	Tpos:27.0,Tstd:1.4,Bpos:21.7,Bstd:10.5,StrandBias:1.0,Multiplicity:1.00
0.997	0.001	0.001	0.001
0.001	0.997	0.001	0.001
0.997	0.001	0.001	0.001
0.997	0.001	0.001	0.001
0.791	0.001	0.001	0.207
0.001	0.001	0.001	0.997
0.001	0.001	0.001	0.997
0.997	0.001	0.001	0.001
0.598	0.181	0.001	0.220
0.161	0.837	0.001	0.001
>TARTCAAAKT	4-TARTCAAAKT	7.431867	-14.338202	0	T:9.0(9.57%),B:495.6(1.02%),P:1e-6	Tpos:25.1,Tstd:7.7,Bpos:22.6,Bstd:12.5,StrandBias:0.6,Multiplicity:1.11
0.001	0.001	0.001	0.997
0.997	0.001	0.001	0.001
0.414	0.001	0.363	0.222
0.001	0.001	0.001	0.997
0.001	0.997	0.001	0.001
0.997	0.001	0.001	0.001
0.697	0.301	0.001	0.001
0.997	0.001	0.001	0.001
0.220	0.001	0.463	0.316
0.014	0.001	0.414	0.571
>AGTATGAGTA	5-AGTATGAGTA	11.986020	-11.453274	0	T:3.0(3.19%),B:21.4(0.04%),P:1e-4	Tpos:19.8,Tstd:9.9,Bpos:23.8,Bstd:11.9,StrandBias:1.6,Multiplicity:1.33
0.997	0.001	0.001	0.001
0.001	0.001	0.997	0.001
0.001	0.001	0.001	0.997
0.997	0.001	0.001	0.001
0.001	0.001	0.001	0.997
0.001	0.001	0.997	0.001
0.997	0.001	0.001	0.001
0.239	0.001	0.759	0.001
0.001	0.001	0.342	0.656
0.997	0.001	0.001	0.001
>AGATAATTTGTA	1-AGATAATTTGTA	14.522037	-23.830443	0	T:4.0(4.26%),B:3.5(0.01%),P:1e-10	Tpos:29.2,Tstd:4.5,Bpos:19.8,Bstd:8.3,StrandBias:0.0,Multiplicity:1.00
0.997	0.001	0.001	0.001
0.001	0.001	0.997	0.001
0.500	0.001	0.250	0.250
0.001	0.001	0.001	0.997
0.997	0.001	0.001	0.001
0.997	0.001	0.001	0.001
0.001	0.001	0.001	0.997
0.001	0.001	0.001	0.997
0.001	0.001	0.001	0.997
0.001	0.001	0.749	0.249
0.001	0.001	0.001	0.997
0.997	0.001	0.001	0.001
>KCCTTTAGAAWT	2-KCCTTTAGAAWT	10.500231	-23.280990	0	T:6.0(6.38%),B:33.1(0.07%),P:1e-10	Tpos:26.8,Tstd:2.9,Bpos:24.9,Bstd:9.8,StrandBias:-1.0,Multiplicity:1.00
0.001	0.001	0.533	0.465
0.001	0.590	0.001	0.408
0.379	0.619	0.001	0.001
0.001	0.001	0.001	0.997
0.001	0.001	0.001	0.997
0.001	0.001	0.001	0.997
0.997	0.001	0.001	0.001
0.001	0.001	0.997	0.001
0.997	0.001	0.001	0.001
0.997	0.001	0.001	0.001
0.465	0.001	0.001	0.533
0.028	0.001	0.001	0.970
>GWSYAAAAMACA	3-GWSYAAAAMACA	7.896014	-21.424690	0	T:5.0(5.32%),B:19.9(0.04%),P:1e-9	Tpos:20.0,Tstd:8.6,Bpos:23.2,Bstd:10.4,StrandBias:0.6,Multiplicity:1.00
0.001	0.001	0.997	0.001
0.511	0.001	0.001	0.487
0.001	0.536	0.462	0.001
0.001	0.462	0.001	0.536
0.997	0.001	0.001	0.001
0.997	0.001	0.001	0.001
0.997	0.001	0.001	0.001
0.970	0.001	0.001	0.028
0.462	0.536	0.001	0.001
0.997	0.001	0.001	0.001
0.001	0.997	0.001	0.001
0.924	0.074	0.001	0.001
>TAAAATCTGGTA	4-TAAAATCTGGTA	15.096400	-18.480644	0	T:3.0(3.19%),B:2.0(0.00%),P:1e-8	Tpos:25.7,Tstd:1.7,Bpos:21.3,Bstd:5.7,StrandBias:1.0,Multiplicity:1.00
0.001	0.001	0.001	0.997
0.997	0.001	0.001	0.001
0.666	0.001	0.001	0.332
0.997	0.001	0.001	0.001
0.997	0.001	0.001	0.001
0.001	0.001	0.001	0.997
0.332	0.666	0.001	0.001
0.001	0.001	0.001	0.997
0.001	0.001	0.997	0.001
0.001	0.001	0.997	0.001
0.001	0.001	0.001	0.997
0.997	0.001	0.001	0.001
>TTAGCAGRTMTG	5-TTAGCAGRTMTG	8.112372	-16.646628	0	T:8.0(8.51%),B:265.8(0.55%),P:1e-7	Tpos:29.1,Tstd:13.4,Bpos:22.3,Bstd:11.9,StrandBias:1.0,Multiplicity:1.00
0.295	0.001	0.098	0.606
0.098	0.098	0.001	0.803
0.704	0.001	0.197	0.098
0.099	0.295	0.592	0.014
0.196	0.802	0.001	0.001
0.901	0.001	0.001	0.097
0.295	0.098	0.494	0.112
0.492	0.001	0.494	0.013
0.098	0.001	0.098	0.803
0.295	0.409	0.099	0.197
0.196	0.001	0.001	0.802
0.001	0.295	0.606	0.098
>CTAWAG	1-CTAWAG	6.678522	-20.847474	0	T:26.0(27.66%),B:3386.7(6.99%),P:1e-9	Tpos:24.0,Tstd:8.3,Bpos:22.1,Bstd:13.8,StrandBias:-0.3,Multiplicity:1.04
0.001	0.997	0.001	0.001
0.001	0.001	0.001	0.997
0.997	0.001	0.001	0.001
0.489	0.001	0.001	0.509
0.997	0.001	0.001	0.001
0.386	0.001	0.612	0.001
>AATCCG	2-AATCCG	7.285481	-12.550171	0	T:14.0(14.89%),B:1640.8(3.39%),P:1e-5	Tpos:20.2,Tstd:11.7,Bpos:22.4,Bstd:13.0,StrandBias:0.8,Multiplicity:1.00
0.997	0.001	0.001	0.001
0.997	0.001	0.001	0.001
0.001	0.001	0.001	0.997
0.001	0.899	0.001	0.099
0.001	0.597	0.001	0.401
0.001	0.001	0.997	0.001
>TABTCA	3-TABTCA	0.411815	-10.860779	0	T:32.0(34.04%),B:7870.7(16.25%),P:1e-4	Tpos:18.6,Tstd:10.9,Bpos:21.8,Bstd:13.4,StrandBias:-1.1,Multiplicity:1.16
0.001	0.001	0.001	0.997
0.997	0.001	0.001	0.001
0.001	0.373	0.348	0.278
0.001	0.001	0.001	0.997
0.001	0.997	0.001	0.001
0.932	0.001	0.066	0.001
>TGCACA	4-TGCACA	6.098363	-9.009546	0	T:14.0(14.89%),B:2266.2(4.68%),P:1e-3	Tpos:21.2,Tstd:12.3,Bpos:21.8,Bstd:13.8,StrandBias:-0.4,Multiplicity:1.00
0.001	0.001	0.001	0.997
0.001	0.001	0.997	0.001
0.001	0.997	0.001	0.001
0.874	0.124	0.001	0.001
0.001	0.997	0.001	0.001
0.887	0.001	0.111	0.001
>TTATGG	5-TTATGG	1.394987	-6.194985	0	T:15.0(15.96%),B:3359.5(6.94%),P:1e-2	Tpos:23.0,Tstd:8.0,Bpos:22.2,Bstd:13.4,StrandBias:0.4,Multiplicity:1.07
0.259	0.001	0.073	0.667
0.001	0.001	0.001	0.997
0.997	0.001	0.001	0.001
0.001	0.001	0.001	0.997
0.001	0.001	0.997	0.001
0.001	0.001	0.997	0.001
>TTCTTTAG	1-TTCTTTAG	3.914827	-36.114653	0	T:25.0(26.60%),B:1551.8(3.20%),P:1e-15	Tpos:26.6,Tstd:0.5,Bpos:21.7,Bstd:12.1,StrandBias:0.3,Multiplicity:1.00
0.001	0.001	0.001	0.997
0.001	0.138	0.082	0.779
0.013	0.827	0.001	0.159
0.001	0.001	0.001	0.997
0.001	0.001	0.001	0.997
0.001	0.001	0.001	0.997
0.997	0.001	0.001	0.001
0.001	0.001	0.997	0.001
>TATGGMAT	2-TATGGMAT	7.479219	-23.456367	0	T:12.0(12.77%),B:434.1(0.90%),P:1e-10	Tpos:27.6,Tstd:3.5,Bpos:21.7,Bstd:12.9,StrandBias:0.0,Multiplicity:1.00
0.001	0.087	0.001	0.911
0.997	0.001	0.001	0.001
0.001	0.001	0.001	0.997
0.061	0.001	0.937	0.001
0.067	0.083	0.849	0.001
0.356	0.386	0.094	0.164
0.997	0.001	0.001	0.001
0.001	0.001	0.001	0.997
>ACAAATTA	3-ACAAATTA	7.514368	-19.905714	0	T:14.0(14.89%),B:892.2(1.84%),P:1e-8	Tpos:26.2,Tstd:5.6,Bpos:22.3,Bstd:12.9,StrandBias:-0.4,Multiplicity:1.00
0.949	0.001	0.001	0.049
0.001	0.997	0.001	0.001
0.756	0.001	0.171	0.072
0.906	0.001	0.092	0.001
0.844	0.001	0.001	0.154
0.001	0.001	0.001	0.997
0.001	0.001	0.001	0.997
0.997	0.001	0.001	0.001
>CTGCTATA	4-CTGCTATA	6.313192	-15.175889	0	T:13.0(13.83%),B:1110.7(2.29%),P:1e-6	Tpos:27.2,Tstd:12.7,Bpos:22.4,Bstd:12.9,StrandBias:-0.8,Multiplicity:1.17
0.083	0.841	0.001	0.075
0.126	0.001	0.001	0.872
0.088	0.001	0.825	0.086
0.001	0.997	0.001	0.001
0.084	0.001	0.001	0.914
0.860	0.001	0.138	0.001
0.111	0.120	0.001	0.768
0.997	0.001	0.001	0.001
>TGTTGGAC	5-TGTTGGAC	7.790275	-13.456066	0	T:8.0(8.51%),B:406.6(0.84%),P:1e-5	Tpos:15.4,Tstd:8.9,Bpos:21.7,Bstd:12.8,StrandBias:0.0,Multiplicity:1.00
0.001	0.001	0.001	0.997
0.107	0.095	0.717	0.081
0.001	0.001	0.001	0.997
0.001	0.001	0.127	0.871
0.001	0.221	0.777	0.001
0.001	0.001	0.997	0.001
0.924	0.074	0.001	0.001
0.001	0.809	0.107	0.083
