>TTCTTTAG	1-TTCTTTAG	3.914827	-36.114653	0	T:25.0(26.60%),B:1551.8(3.20%),P:1e-15	Tpos:26.6,Tstd:0.5,Bpos:21.7,Bstd:12.1,StrandBias:0.3,Multiplicity:1.00
0.001	0.001	0.001	0.997
0.001	0.138	0.082	0.779
0.013	0.827	0.001	0.159
0.001	0.001	0.001	0.997
0.001	0.001	0.001	0.997
0.001	0.001	0.001	0.997
0.997	0.001	0.001	0.001
0.001	0.001	0.997	0.001
>TATGGMAT	2-TATGGMAT	7.479219	-23.456367	0	T:12.0(12.77%),B:434.1(0.90%),P:1e-10	Tpos:27.6,Tstd:3.5,Bpos:21.7,Bstd:12.9,StrandBias:0.0,Multiplicity:1.00
0.001	0.087	0.001	0.911
0.997	0.001	0.001	0.001
0.001	0.001	0.001	0.997
0.061	0.001	0.937	0.001
0.067	0.083	0.849	0.001
0.356	0.386	0.094	0.164
0.997	0.001	0.001	0.001
0.001	0.001	0.001	0.997
>ACAAATTA	3-ACAAATTA	7.514368	-19.905714	0	T:14.0(14.89%),B:892.2(1.84%),P:1e-8	Tpos:26.2,Tstd:5.6,Bpos:22.3,Bstd:12.9,StrandBias:-0.4,Multiplicity:1.00
0.949	0.001	0.001	0.049
0.001	0.997	0.001	0.001
0.756	0.001	0.171	0.072
0.906	0.001	0.092	0.001
0.844	0.001	0.001	0.154
0.001	0.001	0.001	0.997
0.001	0.001	0.001	0.997
0.997	0.001	0.001	0.001
>CTGCTATA	4-CTGCTATA	6.313192	-15.175889	0	T:13.0(13.83%),B:1110.7(2.29%),P:1e-6	Tpos:27.2,Tstd:12.7,Bpos:22.4,Bstd:12.9,StrandBias:-0.8,Multiplicity:1.17
0.083	0.841	0.001	0.075
0.126	0.001	0.001	0.872
0.088	0.001	0.825	0.086
0.001	0.997	0.001	0.001
0.084	0.001	0.001	0.914
0.860	0.001	0.138	0.001
0.111	0.120	0.001	0.768
0.997	0.001	0.001	0.001
>TGTTGGAC	5-TGTTGGAC	7.790275	-13.456066	0	T:8.0(8.51%),B:406.6(0.84%),P:1e-5	Tpos:15.4,Tstd:8.9,Bpos:21.7,Bstd:12.8,StrandBias:0.0,Multiplicity:1.00
0.001	0.001	0.001	0.997
0.107	0.095	0.717	0.081
0.001	0.001	0.001	0.997
0.001	0.001	0.127	0.871
0.001	0.221	0.777	0.001
0.001	0.001	0.997	0.001
0.924	0.074	0.001	0.001
0.001	0.809	0.107	0.083
