>WTGTTTGTTTGB	4-WTGTTTGTTTGB	8.392136	-18.504606	0	T:14.0(13.73%),B:824.5(1.89%),P:1e-8
0.339	0.131	0.182	0.348
0.104	0.001	0.162	0.733
0.130	0.156	0.550	0.164
0.078	0.104	0.079	0.739
0.105	0.156	0.131	0.608
0.053	0.104	0.163	0.680
0.209	0.130	0.524	0.137
0.104	0.053	0.156	0.687
0.209	0.158	0.026	0.607
0.079	0.078	0.104	0.739
0.234	0.130	0.478	0.157
0.157	0.315	0.287	0.242
