>GCCATGGYAA	1-GCCATGGYAA	3.007415	-38.590348	0	T:20.0(47.62%),B:1580.3(3.93%),P:1e-16	Tpos:24.9,Tstd:6.2,Bpos:21.1,Bstd:18.0,StrandBias:-0.1,Multiplicity:1.00
0.074	0.001	0.924	0.001
0.074	0.924	0.001	0.001
0.001	0.997	0.001	0.001
0.997	0.001	0.001	0.001
0.001	0.001	0.001	0.997
0.001	0.001	0.997	0.001
0.001	0.001	0.997	0.001
0.001	0.500	0.001	0.498
0.573	0.391	0.001	0.035
0.964	0.001	0.001	0.034
>GCCATGGCHC	2-GCCATGGCHC	6.760648	-20.558306	0	T:13.0(30.95%),B:1408.7(3.51%),P:1e-8	Tpos:25.3,Tstd:4.4,Bpos:21.7,Bstd:16.9,StrandBias:-0.3,Multiplicity:1.00
0.031	0.157	0.679	0.133
0.119	0.672	0.103	0.106
0.052	0.790	0.157	0.001
0.893	0.054	0.052	0.001
0.001	0.047	0.151	0.801
0.081	0.052	0.866	0.001
0.127	0.114	0.608	0.151
0.130	0.557	0.261	0.052
0.229	0.345	0.128	0.298
0.118	0.795	0.053	0.034
>GCACTCCTAC	3-GCACTCCTAC	10.296193	-6.863841	0	T:1.0(2.38%),B:0.8(0.00%),P:1e-2	Tpos:8.0,Tstd:0.0,Bpos:25.4,Bstd:4.5,StrandBias:10.0,Multiplicity:1.00
0.100	0.100	0.700	0.100
0.100	0.700	0.100	0.100
0.700	0.100	0.100	0.100
0.100	0.700	0.100	0.100
0.100	0.100	0.100	0.700
0.100	0.700	0.100	0.100
0.100	0.700	0.100	0.100
0.100	0.100	0.100	0.700
0.700	0.100	0.100	0.100
0.100	0.700	0.100	0.100
>TCCGGTCTTT	4-TCCGGTCTTT	10.296193	-6.863841	0	T:1.0(2.38%),B:0.0(0.00%),P:1e-2	Tpos:34.0,Tstd:0.0,Bpos:0.0,Bstd:0.0,StrandBias:10.0,Multiplicity:1.00
0.100	0.100	0.100	0.700
0.100	0.700	0.100	0.100
0.100	0.700	0.100	0.100
0.100	0.100	0.700	0.100
0.100	0.100	0.700	0.100
0.100	0.100	0.100	0.700
0.100	0.700	0.100	0.100
0.100	0.100	0.100	0.700
0.100	0.100	0.100	0.700
0.100	0.100	0.100	0.700
>CCCGCATGGA	5-CCCGCATGGA	10.296193	-6.863841	0	T:1.0(2.38%),B:0.8(0.00%),P:1e-2	Tpos:44.0,Tstd:0.0,Bpos:25.3,Bstd:5.1,StrandBias:10.0,Multiplicity:1.00
0.100	0.700	0.100	0.100
0.100	0.700	0.100	0.100
0.100	0.700	0.100	0.100
0.100	0.100	0.700	0.100
0.100	0.700	0.100	0.100
0.700	0.100	0.100	0.100
0.100	0.100	0.100	0.700
0.100	0.100	0.700	0.100
0.100	0.100	0.700	0.100
0.700	0.100	0.100	0.100
>CKRGCCATGGCC	1-CKRGCCATGGCC	7.233922	-49.390693	0	T:22.0(52.38%),B:1285.3(3.20%),P:1e-21	Tpos:25.2,Tstd:5.5,Bpos:20.8,Bstd:18.0,StrandBias:0.0,Multiplicity:1.09
0.082	0.500	0.251	0.167
0.084	0.167	0.416	0.333
0.331	0.001	0.419	0.249
0.082	0.084	0.752	0.082
0.081	0.917	0.001	0.001
0.001	0.997	0.001	0.001
0.997	0.001	0.001	0.001
0.001	0.001	0.001	0.997
0.001	0.001	0.997	0.001
0.001	0.164	0.586	0.249
0.001	0.501	0.247	0.251
0.169	0.498	0.082	0.251
>YCTKSCTSSKGT	2-YCTKSCTSSKGT	9.963799	-20.528411	0	T:4.0(9.52%),B:13.7(0.03%),P:1e-8	Tpos:27.0,Tstd:11.6,Bpos:22.3,Bstd:7.1,StrandBias:0.0,Multiplicity:1.00
0.001	0.533	0.001	0.465
0.001	0.997	0.001	0.001
0.001	0.001	0.001	0.997
0.001	0.001	0.474	0.524
0.001	0.524	0.474	0.001
0.001	0.997	0.001	0.001
0.059	0.001	0.001	0.939
0.001	0.533	0.465	0.001
0.001	0.533	0.465	0.001
0.001	0.001	0.524	0.474
0.001	0.001	0.997	0.001
0.001	0.001	0.001	0.997
>TCTGCAHTCCTA	3-TCTGCAHTCCTA	9.443052	-16.069196	0	T:5.0(11.90%),B:107.4(0.27%),P:1e-6	Tpos:16.2,Tstd:13.0,Bpos:19.7,Bstd:14.3,StrandBias:2.0,Multiplicity:1.00
0.040	0.318	0.001	0.641
0.001	0.997	0.001	0.001
0.001	0.001	0.001	0.997
0.357	0.001	0.641	0.001
0.001	0.681	0.001	0.317
0.681	0.001	0.317	0.001
0.318	0.364	0.001	0.318
0.001	0.001	0.001	0.997
0.001	0.997	0.001	0.001
0.317	0.681	0.001	0.001
0.001	0.001	0.317	0.681
0.681	0.001	0.001	0.317
>ARGCCRWGSAGR	4-ARGCCRWGSAGR	8.565074	-13.894138	0	T:4.0(9.52%),B:69.2(0.17%),P:1e-6	Tpos:21.0,Tstd:8.9,Bpos:22.1,Bstd:13.8,StrandBias:0.0,Multiplicity:1.00
0.997	0.001	0.001	0.001
0.474	0.001	0.524	0.001
0.001	0.001	0.997	0.001
0.001	0.997	0.001	0.001
0.001	0.997	0.001	0.001
0.466	0.068	0.466	0.001
0.533	0.001	0.001	0.465
0.001	0.001	0.997	0.001
0.001	0.533	0.465	0.001
0.997	0.001	0.001	0.001
0.001	0.059	0.939	0.001
0.533	0.001	0.465	0.001
>GGTCTTTCCCGC	5-GGTCTTTCCCGC	12.355432	-6.863841	0	T:1.0(2.38%),B:0.0(0.00%),P:1e-2	Tpos:38.0,Tstd:0.0,Bpos:0.0,Bstd:0.0,StrandBias:10.0,Multiplicity:1.00
0.100	0.100	0.700	0.100
0.100	0.100	0.700	0.100
0.100	0.100	0.100	0.700
0.100	0.700	0.100	0.100
0.100	0.100	0.100	0.700
0.100	0.100	0.100	0.700
0.100	0.100	0.100	0.700
0.100	0.700	0.100	0.100
0.100	0.700	0.100	0.100
0.100	0.700	0.100	0.100
0.100	0.100	0.700	0.100
0.100	0.700	0.100	0.100
>GCCATG	1-GCCATG	8.268151	-68.415861	0	T:34.0(80.95%),B:3168.9(7.89%),P:1e-29	Tpos:24.3,Tstd:6.0,Bpos:21.3,Bstd:20.0,StrandBias:0.1,Multiplicity:1.06
0.001	0.001	0.997	0.001
0.001	0.997	0.001	0.001
0.001	0.966	0.032	0.001
0.997	0.001	0.001	0.001
0.001	0.001	0.001	0.997
0.001	0.001	0.997	0.001
>TAGATA	2-TAGATA	5.866924	-7.810965	0	T:7.0(16.67%),B:1320.8(3.29%),P:1e-3	Tpos:13.2,Tstd:11.3,Bpos:21.1,Bstd:14.8,StrandBias:0.0,Multiplicity:1.14
0.001	0.001	0.001	0.997
0.997	0.001	0.001	0.001
0.177	0.200	0.622	0.001
0.785	0.001	0.213	0.001
0.115	0.001	0.001	0.883
0.707	0.291	0.001	0.001
>AACGTT	3-AACGTT	6.177716	-2.866431	0	T:1.0(2.38%),B:56.2(0.14%),P:1e-1	Tpos:19.5,Tstd:0.5,Bpos:18.5,Bstd:12.4,StrandBias:0.0,Multiplicity:1.00
0.700	0.100	0.100	0.100
0.700	0.100	0.100	0.100
0.100	0.700	0.100	0.100
0.100	0.100	0.700	0.100
0.100	0.100	0.100	0.700
0.100	0.100	0.100	0.700
>TTTTTT	4-TTTTTT	6.177716	-2.385440	0	T:4.0(9.52%),B:1645.4(4.10%),P:1e-1	Tpos:24.7,Tstd:18.0,Bpos:21.6,Bstd:17.3,StrandBias:-3.8,Multiplicity:1.00
0.100	0.100	0.100	0.700
0.100	0.100	0.100	0.700
0.100	0.100	0.100	0.700
0.100	0.100	0.100	0.700
0.100	0.100	0.100	0.700
0.100	0.100	0.100	0.700
>GTATAC	5-GTATAC	6.177716	-2.253539	0	T:1.0(2.38%),B:106.8(0.27%),P:1e0	Tpos:17.5,Tstd:0.5,Bpos:17.6,Bstd:19.3,StrandBias:0.0,Multiplicity:1.00
0.100	0.100	0.700	0.100
0.100	0.100	0.100	0.700
0.700	0.100	0.100	0.100
0.100	0.100	0.100	0.700
0.700	0.100	0.100	0.100
0.100	0.700	0.100	0.100
>CATGGCMV	1-CATGGCMV	6.694010	-71.353679	0	T:34.0(80.95%),B:2901.5(7.22%),P:1e-30	Tpos:24.2,Tstd:5.9,Bpos:21.1,Bstd:19.1,StrandBias:-0.3,Multiplicity:1.15
0.001	0.997	0.001	0.001
0.966	0.001	0.001	0.032
0.040	0.137	0.066	0.757
0.001	0.163	0.757	0.079
0.001	0.042	0.873	0.084
0.043	0.955	0.001	0.001
0.287	0.415	0.092	0.206
0.235	0.338	0.297	0.130
>TACGATCC	2-TACGATCC	8.236954	-6.863841	0	T:1.0(2.38%),B:1.9(0.00%),P:1e-2	Tpos:11.0,Tstd:0.0,Bpos:25.2,Bstd:7.3,StrandBias:10.0,Multiplicity:1.00
0.100	0.100	0.100	0.700
0.700	0.100	0.100	0.100
0.100	0.700	0.100	0.100
0.100	0.100	0.700	0.100
0.700	0.100	0.100	0.100
0.100	0.100	0.100	0.700
0.100	0.700	0.100	0.100
0.100	0.700	0.100	0.100
>GAACGTTC	3-GAACGTTC	8.236954	-6.863841	0	T:1.0(2.38%),B:0.9(0.00%),P:1e-2	Tpos:19.5,Tstd:0.5,Bpos:23.8,Bstd:6.9,StrandBias:0.0,Multiplicity:1.00
0.100	0.100	0.700	0.100
0.700	0.100	0.100	0.100
0.700	0.100	0.100	0.100
0.100	0.700	0.100	0.100
0.100	0.100	0.700	0.100
0.100	0.100	0.100	0.700
0.100	0.100	0.100	0.700
0.100	0.700	0.100	0.100
>GCGATAAC	4-GCGATAAC	8.236954	-6.171204	0	T:1.0(2.38%),B:2.6(0.01%),P:1e-2	Tpos:38.0,Tstd:0.0,Bpos:21.8,Bstd:4.8,StrandBias:10.0,Multiplicity:1.00
0.100	0.100	0.700	0.100
0.100	0.700	0.100	0.100
0.100	0.100	0.700	0.100
0.700	0.100	0.100	0.100
0.100	0.100	0.100	0.700
0.700	0.100	0.100	0.100
0.700	0.100	0.100	0.100
0.100	0.700	0.100	0.100
>AAAAAAAA	5-AAAAAAAA	8.236954	-2.697039	0	T:2.0(4.76%),B:406.3(1.01%),P:1e-1	Tpos:26.3,Tstd:18.7,Bpos:22.4,Bstd:16.1,StrandBias:10.0,Multiplicity:1.00
0.700	0.100	0.100	0.100
0.700	0.100	0.100	0.100
0.700	0.100	0.100	0.100
0.700	0.100	0.100	0.100
0.700	0.100	0.100	0.100
0.700	0.100	0.100	0.100
0.700	0.100	0.100	0.100
0.700	0.100	0.100	0.100
