>CKRGCCATGGCC	1-CKRGCCATGGCC	7.233922	-49.390693	0	T:22.0(52.38%),B:1285.3(3.20%),P:1e-21	Tpos:25.2,Tstd:5.5,Bpos:20.8,Bstd:18.0,StrandBias:0.0,Multiplicity:1.09
0.082	0.500	0.251	0.167
0.084	0.167	0.416	0.333
0.331	0.001	0.419	0.249
0.082	0.084	0.752	0.082
0.081	0.917	0.001	0.001
0.001	0.997	0.001	0.001
0.997	0.001	0.001	0.001
0.001	0.001	0.001	0.997
0.001	0.001	0.997	0.001
0.001	0.164	0.586	0.249
0.001	0.501	0.247	0.251
0.169	0.498	0.082	0.251
>YCTKSCTSSKGT	2-YCTKSCTSSKGT	9.963799	-20.528411	0	T:4.0(9.52%),B:13.7(0.03%),P:1e-8	Tpos:27.0,Tstd:11.6,Bpos:22.3,Bstd:7.1,StrandBias:0.0,Multiplicity:1.00
0.001	0.533	0.001	0.465
0.001	0.997	0.001	0.001
0.001	0.001	0.001	0.997
0.001	0.001	0.474	0.524
0.001	0.524	0.474	0.001
0.001	0.997	0.001	0.001
0.059	0.001	0.001	0.939
0.001	0.533	0.465	0.001
0.001	0.533	0.465	0.001
0.001	0.001	0.524	0.474
0.001	0.001	0.997	0.001
0.001	0.001	0.001	0.997
>TCTGCAHTCCTA	3-TCTGCAHTCCTA	9.443052	-16.069196	0	T:5.0(11.90%),B:107.4(0.27%),P:1e-6	Tpos:16.2,Tstd:13.0,Bpos:19.7,Bstd:14.3,StrandBias:2.0,Multiplicity:1.00
0.040	0.318	0.001	0.641
0.001	0.997	0.001	0.001
0.001	0.001	0.001	0.997
0.357	0.001	0.641	0.001
0.001	0.681	0.001	0.317
0.681	0.001	0.317	0.001
0.318	0.364	0.001	0.318
0.001	0.001	0.001	0.997
0.001	0.997	0.001	0.001
0.317	0.681	0.001	0.001
0.001	0.001	0.317	0.681
0.681	0.001	0.001	0.317
>ARGCCRWGSAGR	4-ARGCCRWGSAGR	8.565074	-13.894138	0	T:4.0(9.52%),B:69.2(0.17%),P:1e-6	Tpos:21.0,Tstd:8.9,Bpos:22.1,Bstd:13.8,StrandBias:0.0,Multiplicity:1.00
0.997	0.001	0.001	0.001
0.474	0.001	0.524	0.001
0.001	0.001	0.997	0.001
0.001	0.997	0.001	0.001
0.001	0.997	0.001	0.001
0.466	0.068	0.466	0.001
0.533	0.001	0.001	0.465
0.001	0.001	0.997	0.001
0.001	0.533	0.465	0.001
0.997	0.001	0.001	0.001
0.001	0.059	0.939	0.001
0.533	0.001	0.465	0.001
>GGTCTTTCCCGC	5-GGTCTTTCCCGC	12.355432	-6.863841	0	T:1.0(2.38%),B:0.0(0.00%),P:1e-2	Tpos:38.0,Tstd:0.0,Bpos:0.0,Bstd:0.0,StrandBias:10.0,Multiplicity:1.00
0.100	0.100	0.700	0.100
0.100	0.100	0.700	0.100
0.100	0.100	0.100	0.700
0.100	0.700	0.100	0.100
0.100	0.100	0.100	0.700
0.100	0.100	0.100	0.700
0.100	0.100	0.100	0.700
0.100	0.700	0.100	0.100
0.100	0.700	0.100	0.100
0.100	0.700	0.100	0.100
0.100	0.100	0.700	0.100
0.100	0.700	0.100	0.100
