>GCCATGGYAA	1-GCCATGGYAA	3.007415	-38.590348	0	T:20.0(47.62%),B:1580.3(3.93%),P:1e-16	Tpos:24.9,Tstd:6.2,Bpos:21.1,Bstd:18.0,StrandBias:-0.1,Multiplicity:1.00
0.074	0.001	0.924	0.001
0.074	0.924	0.001	0.001
0.001	0.997	0.001	0.001
0.997	0.001	0.001	0.001
0.001	0.001	0.001	0.997
0.001	0.001	0.997	0.001
0.001	0.001	0.997	0.001
0.001	0.500	0.001	0.498
0.573	0.391	0.001	0.035
0.964	0.001	0.001	0.034
>GCCATGGCHC	2-GCCATGGCHC	6.760648	-20.558306	0	T:13.0(30.95%),B:1408.7(3.51%),P:1e-8	Tpos:25.3,Tstd:4.4,Bpos:21.7,Bstd:16.9,StrandBias:-0.3,Multiplicity:1.00
0.031	0.157	0.679	0.133
0.119	0.672	0.103	0.106
0.052	0.790	0.157	0.001
0.893	0.054	0.052	0.001
0.001	0.047	0.151	0.801
0.081	0.052	0.866	0.001
0.127	0.114	0.608	0.151
0.130	0.557	0.261	0.052
0.229	0.345	0.128	0.298
0.118	0.795	0.053	0.034
>GCACTCCTAC	3-GCACTCCTAC	10.296193	-6.863841	0	T:1.0(2.38%),B:0.8(0.00%),P:1e-2	Tpos:8.0,Tstd:0.0,Bpos:25.4,Bstd:4.5,StrandBias:10.0,Multiplicity:1.00
0.100	0.100	0.700	0.100
0.100	0.700	0.100	0.100
0.700	0.100	0.100	0.100
0.100	0.700	0.100	0.100
0.100	0.100	0.100	0.700
0.100	0.700	0.100	0.100
0.100	0.700	0.100	0.100
0.100	0.100	0.100	0.700
0.700	0.100	0.100	0.100
0.100	0.700	0.100	0.100
>TCCGGTCTTT	4-TCCGGTCTTT	10.296193	-6.863841	0	T:1.0(2.38%),B:0.0(0.00%),P:1e-2	Tpos:34.0,Tstd:0.0,Bpos:0.0,Bstd:0.0,StrandBias:10.0,Multiplicity:1.00
0.100	0.100	0.100	0.700
0.100	0.700	0.100	0.100
0.100	0.700	0.100	0.100
0.100	0.100	0.700	0.100
0.100	0.100	0.700	0.100
0.100	0.100	0.100	0.700
0.100	0.700	0.100	0.100
0.100	0.100	0.100	0.700
0.100	0.100	0.100	0.700
0.100	0.100	0.100	0.700
>CCCGCATGGA	5-CCCGCATGGA	10.296193	-6.863841	0	T:1.0(2.38%),B:0.8(0.00%),P:1e-2	Tpos:44.0,Tstd:0.0,Bpos:25.3,Bstd:5.1,StrandBias:10.0,Multiplicity:1.00
0.100	0.700	0.100	0.100
0.100	0.700	0.100	0.100
0.100	0.700	0.100	0.100
0.100	0.100	0.700	0.100
0.100	0.700	0.100	0.100
0.700	0.100	0.100	0.100
0.100	0.100	0.100	0.700
0.100	0.100	0.700	0.100
0.100	0.100	0.700	0.100
0.700	0.100	0.100	0.100
