>GARACAAACAAA	1-GARACAAACAAA	10.721987	-36.392130	0	T:20.0(19.61%),B:676.5(1.55%),P:1e-15	Tpos:27.3,Tstd:2.6,Bpos:22.4,Bstd:14.4,StrandBias:0.3,Multiplicity:1.00
0.001	0.375	0.531	0.093
0.852	0.001	0.001	0.146
0.446	0.001	0.552	0.001
0.733	0.001	0.133	0.133
0.001	0.997	0.001	0.001
0.866	0.132	0.001	0.001
0.640	0.001	0.001	0.358
0.997	0.001	0.001	0.001
0.141	0.638	0.001	0.220
0.997	0.001	0.001	0.001
0.866	0.001	0.132	0.001
0.997	0.001	0.001	0.001
>TTCAAAATATAT	2-TTCAAAATATAT	9.542193	-31.016036	0	T:21.0(20.59%),B:1028.5(2.36%),P:1e-13	Tpos:23.9,Tstd:8.8,Bpos:22.0,Bstd:13.0,StrandBias:0.1,Multiplicity:1.14
0.001	0.111	0.001	0.887
0.137	0.070	0.088	0.705
0.135	0.651	0.118	0.096
0.958	0.001	0.040	0.001
0.878	0.051	0.001	0.070
0.951	0.047	0.001	0.001
0.881	0.001	0.001	0.117
0.105	0.054	0.001	0.840
0.897	0.001	0.049	0.053
0.001	0.045	0.001	0.953
0.555	0.141	0.049	0.255
0.147	0.001	0.001	0.851
>AAAGGTTTAAGA	3-AAAGGTTTAAGA	15.096400	-19.998424	0	T:3.0(2.94%),B:1.8(0.00%),P:1e-8	Tpos:23.3,Tstd:13.4,Bpos:24.9,Bstd:5.9,StrandBias:1.0,Multiplicity:1.00
0.997	0.001	0.001	0.001
0.997	0.001	0.001	0.001
0.997	0.001	0.001	0.001
0.332	0.001	0.666	0.001
0.332	0.001	0.666	0.001
0.001	0.001	0.001	0.997
0.001	0.001	0.001	0.997
0.001	0.001	0.001	0.997
0.997	0.001	0.001	0.001
0.997	0.001	0.001	0.001
0.001	0.001	0.997	0.001
0.997	0.001	0.001	0.001
>WTGTTTGTTTGB	4-WTGTTTGTTTGB	8.392136	-18.504606	0	T:14.0(13.73%),B:824.5(1.89%),P:1e-8	Tpos:26.3,Tstd:7.3,Bpos:22.7,Bstd:18.0,StrandBias:0.3,Multiplicity:1.07
0.339	0.131	0.182	0.348
0.104	0.001	0.162	0.733
0.130	0.156	0.550	0.164
0.078	0.104	0.079	0.739
0.105	0.156	0.131	0.608
0.053	0.104	0.163	0.680
0.209	0.130	0.524	0.137
0.104	0.053	0.156	0.687
0.209	0.158	0.026	0.607
0.079	0.078	0.104	0.739
0.234	0.130	0.478	0.157
0.157	0.315	0.287	0.242
>TTGTTTGTTTTT	5-TTGTTTGTTTTT	10.409522	-7.138130	0	T:11.0(10.78%),B:1500.8(3.44%),P:1e-3	Tpos:25.0,Tstd:0.0,Bpos:21.6,Bstd:16.5,StrandBias:-10.0,Multiplicity:1.00
0.100	0.100	0.100	0.700
0.100	0.100	0.100	0.700
0.100	0.100	0.700	0.100
0.100	0.100	0.100	0.700
0.100	0.100	0.100	0.700
0.100	0.100	0.100	0.700
0.100	0.100	0.700	0.100
0.100	0.100	0.100	0.700
0.100	0.100	0.100	0.700
0.100	0.100	0.100	0.700
0.100	0.100	0.100	0.700
0.100	0.100	0.100	0.700
