>CAAAATATKK	1-CAAAATATKK	5.146052	-48.399062	0	T:28.0(27.45%),B:1057.7(2.42%),P:1e-21	Tpos:24.7,Tstd:6.5,Bpos:22.4,Bstd:15.9,StrandBias:0.1,Multiplicity:1.11
0.001	0.997	0.001	0.001
0.997	0.001	0.001	0.001
0.997	0.001	0.001	0.001
0.997	0.001	0.001	0.001
0.997	0.001	0.001	0.001
0.001	0.001	0.001	0.997
0.861	0.137	0.001	0.001
0.001	0.001	0.001	0.997
0.003	0.172	0.415	0.411
0.137	0.038	0.407	0.418
>TTAAATTTTG	2-TTAAATTTTG	10.853974	-27.262389	0	T:12.0(11.76%),B:257.7(0.59%),P:1e-11	Tpos:26.0,Tstd:7.1,Bpos:22.7,Bstd:14.4,StrandBias:1.0,Multiplicity:1.00
0.101	0.001	0.001	0.897
0.001	0.132	0.099	0.768
0.997	0.001	0.001	0.001
0.872	0.126	0.001	0.001
0.833	0.165	0.001	0.001
0.001	0.001	0.001	0.997
0.001	0.001	0.001	0.997
0.001	0.001	0.001	0.997
0.001	0.001	0.001	0.997
0.109	0.001	0.889	0.001
>ATTTGTTTCT	3-ATTTGTTTCT	8.650847	-19.217710	0	T:20.0(19.61%),B:1762.2(4.04%),P:1e-8	Tpos:27.2,Tstd:10.3,Bpos:21.3,Bstd:14.2,StrandBias:-0.5,Multiplicity:1.00
0.538	0.161	0.300	0.001
0.382	0.001	0.001	0.616
0.162	0.001	0.001	0.836
0.001	0.001	0.189	0.809
0.300	0.001	0.678	0.021
0.001	0.001	0.001	0.997
0.171	0.001	0.001	0.827
0.001	0.001	0.016	0.982
0.010	0.700	0.147	0.143
0.001	0.317	0.001	0.681
>GTTCAGAACT	4-GTTCAGAACT	12.409421	-12.821399	0	T:2.0(1.96%),B:1.8(0.00%),P:1e-5	Tpos:10.7,Tstd:2.1,Bpos:21.0,Bstd:4.5,StrandBias:1.0,Multiplicity:1.00
0.001	0.001	0.997	0.001
0.001	0.001	0.001	0.997
0.001	0.001	0.001	0.997
0.001	0.997	0.001	0.001
0.652	0.001	0.001	0.346
0.001	0.001	0.997	0.001
0.997	0.001	0.001	0.001
0.997	0.001	0.001	0.001
0.001	0.997	0.001	0.001
0.306	0.001	0.001	0.692
>ACAAACAAAC	5-ACAAACAAAC	8.350283	-12.349994	0	T:15.0(14.71%),B:1583.0(3.63%),P:1e-5	Tpos:25.0,Tstd:8.7,Bpos:22.2,Bstd:18.4,StrandBias:-1.3,Multiplicity:1.00
0.700	0.100	0.100	0.100
0.100	0.700	0.100	0.100
0.700	0.100	0.100	0.100
0.700	0.100	0.100	0.100
0.700	0.100	0.100	0.100
0.100	0.700	0.100	0.100
0.700	0.100	0.100	0.100
0.700	0.100	0.100	0.100
0.700	0.100	0.100	0.100
0.100	0.700	0.100	0.100
>GARACAAACAAA	1-GARACAAACAAA	10.721987	-36.392130	0	T:20.0(19.61%),B:676.5(1.55%),P:1e-15	Tpos:27.3,Tstd:2.6,Bpos:22.4,Bstd:14.4,StrandBias:0.3,Multiplicity:1.00
0.001	0.375	0.531	0.093
0.852	0.001	0.001	0.146
0.446	0.001	0.552	0.001
0.733	0.001	0.133	0.133
0.001	0.997	0.001	0.001
0.866	0.132	0.001	0.001
0.640	0.001	0.001	0.358
0.997	0.001	0.001	0.001
0.141	0.638	0.001	0.220
0.997	0.001	0.001	0.001
0.866	0.001	0.132	0.001
0.997	0.001	0.001	0.001
>TTCAAAATATAT	2-TTCAAAATATAT	9.542193	-31.016036	0	T:21.0(20.59%),B:1028.5(2.36%),P:1e-13	Tpos:23.9,Tstd:8.8,Bpos:22.0,Bstd:13.0,StrandBias:0.1,Multiplicity:1.14
0.001	0.111	0.001	0.887
0.137	0.070	0.088	0.705
0.135	0.651	0.118	0.096
0.958	0.001	0.040	0.001
0.878	0.051	0.001	0.070
0.951	0.047	0.001	0.001
0.881	0.001	0.001	0.117
0.105	0.054	0.001	0.840
0.897	0.001	0.049	0.053
0.001	0.045	0.001	0.953
0.555	0.141	0.049	0.255
0.147	0.001	0.001	0.851
>AAAGGTTTAAGA	3-AAAGGTTTAAGA	15.096400	-19.998424	0	T:3.0(2.94%),B:1.8(0.00%),P:1e-8	Tpos:23.3,Tstd:13.4,Bpos:24.9,Bstd:5.9,StrandBias:1.0,Multiplicity:1.00
0.997	0.001	0.001	0.001
0.997	0.001	0.001	0.001
0.997	0.001	0.001	0.001
0.332	0.001	0.666	0.001
0.332	0.001	0.666	0.001
0.001	0.001	0.001	0.997
0.001	0.001	0.001	0.997
0.001	0.001	0.001	0.997
0.997	0.001	0.001	0.001
0.997	0.001	0.001	0.001
0.001	0.001	0.997	0.001
0.997	0.001	0.001	0.001
>WTGTTTGTTTGB	4-WTGTTTGTTTGB	8.392136	-18.504606	0	T:14.0(13.73%),B:824.5(1.89%),P:1e-8	Tpos:26.3,Tstd:7.3,Bpos:22.7,Bstd:18.0,StrandBias:0.3,Multiplicity:1.07
0.339	0.131	0.182	0.348
0.104	0.001	0.162	0.733
0.130	0.156	0.550	0.164
0.078	0.104	0.079	0.739
0.105	0.156	0.131	0.608
0.053	0.104	0.163	0.680
0.209	0.130	0.524	0.137
0.104	0.053	0.156	0.687
0.209	0.158	0.026	0.607
0.079	0.078	0.104	0.739
0.234	0.130	0.478	0.157
0.157	0.315	0.287	0.242
>TTGTTTGTTTTT	5-TTGTTTGTTTTT	10.409522	-7.138130	0	T:11.0(10.78%),B:1500.8(3.44%),P:1e-3	Tpos:25.0,Tstd:0.0,Bpos:21.6,Bstd:16.5,StrandBias:-10.0,Multiplicity:1.00
0.100	0.100	0.100	0.700
0.100	0.100	0.100	0.700
0.100	0.100	0.700	0.100
0.100	0.100	0.100	0.700
0.100	0.100	0.100	0.700
0.100	0.100	0.100	0.700
0.100	0.100	0.700	0.100
0.100	0.100	0.100	0.700
0.100	0.100	0.100	0.700
0.100	0.100	0.100	0.700
0.100	0.100	0.100	0.700
0.100	0.100	0.100	0.700
>CAAAAT	1-CAAAAT	6.177716	-34.025757	0	T:44.0(43.14%),B:5133.1(11.77%),P:1e-14	Tpos:24.1,Tstd:7.4,Bpos:22.1,Bstd:16.7,StrandBias:-0.3,Multiplicity:1.14
0.100	0.700	0.100	0.100
0.700	0.100	0.100	0.100
0.700	0.100	0.100	0.100
0.700	0.100	0.100	0.100
0.700	0.100	0.100	0.100
0.100	0.100	0.100	0.700
>CAAACA	2-CAAACA	6.182479	-18.328374	0	T:32.0(31.37%),B:4637.7(10.63%),P:1e-7	Tpos:25.2,Tstd:9.1,Bpos:22.2,Bstd:18.1,StrandBias:0.4,Multiplicity:1.50
0.001	0.997	0.001	0.001
0.997	0.001	0.001	0.001
0.878	0.001	0.120	0.001
0.997	0.001	0.001	0.001
0.001	0.997	0.001	0.001
0.997	0.001	0.001	0.001
>CCRCTA	3-CCRCTA	5.992791	-7.958963	0	T:11.0(10.78%),B:1358.7(3.11%),P:1e-3	Tpos:20.8,Tstd:14.1,Bpos:22.3,Bstd:13.9,StrandBias:-0.2,Multiplicity:1.18
0.001	0.997	0.001	0.001
0.001	0.744	0.001	0.254
0.435	0.001	0.563	0.001
0.001	0.690	0.308	0.001
0.001	0.001	0.001	0.997
0.997	0.001	0.001	0.001
>AAACGT	4-AAACGT	4.984155	-7.740680	0	T:25.0(24.51%),B:5305.5(12.16%),P:1e-3	Tpos:26.9,Tstd:13.4,Bpos:21.7,Bstd:14.0,StrandBias:0.0,Multiplicity:1.08
0.731	0.001	0.001	0.267
0.687	0.265	0.001	0.047
0.943	0.001	0.055	0.001
0.224	0.774	0.001	0.001
0.001	0.253	0.745	0.001
0.001	0.001	0.001	0.997
>CGTCGC	5-CGTCGC	6.177716	-3.988241	0	T:1.0(0.98%),B:8.9(0.02%),P:1e-1	Tpos:17.0,Tstd:0.0,Bpos:26.7,Bstd:9.5,StrandBias:10.0,Multiplicity:1.00
0.100	0.700	0.100	0.100
0.100	0.100	0.700	0.100
0.100	0.100	0.100	0.700
0.100	0.700	0.100	0.100
0.100	0.100	0.700	0.100
0.100	0.700	0.100	0.100
>CAAAATAT	1-CAAAATAT	5.425244	-69.977723	0	T:47.0(46.08%),B:2485.1(5.70%),P:1e-30	Tpos:24.8,Tstd:6.8,Bpos:22.8,Bstd:15.5,StrandBias:-0.2,Multiplicity:1.15
0.001	0.997	0.001	0.001
0.984	0.001	0.001	0.014
0.982	0.001	0.016	0.001
0.997	0.001	0.001	0.001
0.997	0.001	0.001	0.001
0.001	0.001	0.019	0.979
0.639	0.047	0.123	0.191
0.001	0.001	0.001	0.997
>CAAACAAA	2-CAAACAAA	7.127145	-39.950850	0	T:37.0(36.27%),B:2935.4(6.73%),P:1e-17	Tpos:25.3,Tstd:7.6,Bpos:22.2,Bstd:17.5,StrandBias:-0.1,Multiplicity:1.41
0.001	0.846	0.152	0.001
0.969	0.001	0.001	0.029
0.869	0.001	0.073	0.057
0.997	0.001	0.001	0.001
0.001	0.931	0.001	0.067
0.997	0.001	0.001	0.001
0.966	0.001	0.032	0.001
0.997	0.001	0.001	0.001
>AAGTGCGA	3-AAGTGCGA	8.236954	-6.059593	0	T:1.0(0.98%),B:1.2(0.00%),P:1e-2	Tpos:43.0,Tstd:0.0,Bpos:21.1,Bstd:2.5,StrandBias:10.0,Multiplicity:1.00
0.700	0.100	0.100	0.100
0.700	0.100	0.100	0.100
0.100	0.100	0.700	0.100
0.100	0.100	0.100	0.700
0.100	0.100	0.700	0.100
0.100	0.700	0.100	0.100
0.100	0.100	0.700	0.100
0.700	0.100	0.100	0.100
>TTGCGTCG	4-TTGCGTCG	8.236954	-6.059593	0	T:1.0(0.98%),B:1.9(0.00%),P:1e-2	Tpos:15.0,Tstd:0.0,Bpos:0.0,Bstd:0.0,StrandBias:10.0,Multiplicity:1.00
0.100	0.100	0.100	0.700
0.100	0.100	0.100	0.700
0.100	0.100	0.700	0.100
0.100	0.700	0.100	0.100
0.100	0.100	0.700	0.100
0.100	0.100	0.100	0.700
0.100	0.700	0.100	0.100
0.100	0.100	0.700	0.100
>AGACCTCG	5-AGACCTCG	8.236954	-5.367603	0	T:1.0(0.98%),B:2.7(0.01%),P:1e-2	Tpos:5.0,Tstd:0.0,Bpos:24.0,Bstd:4.9,StrandBias:10.0,Multiplicity:1.00
0.700	0.100	0.100	0.100
0.100	0.100	0.700	0.100
0.700	0.100	0.100	0.100
0.100	0.700	0.100	0.100
0.100	0.700	0.100	0.100
0.100	0.100	0.100	0.700
0.100	0.700	0.100	0.100
0.100	0.100	0.700	0.100
