>CAAAATATKK	1-CAAAATATKK	5.146052	-48.399062	0	T:28.0(27.45%),B:1057.7(2.42%),P:1e-21	Tpos:24.7,Tstd:6.5,Bpos:22.4,Bstd:15.9,StrandBias:0.1,Multiplicity:1.11
0.001	0.997	0.001	0.001
0.997	0.001	0.001	0.001
0.997	0.001	0.001	0.001
0.997	0.001	0.001	0.001
0.997	0.001	0.001	0.001
0.001	0.001	0.001	0.997
0.861	0.137	0.001	0.001
0.001	0.001	0.001	0.997
0.003	0.172	0.415	0.411
0.137	0.038	0.407	0.418
>TTAAATTTTG	2-TTAAATTTTG	10.853974	-27.262389	0	T:12.0(11.76%),B:257.7(0.59%),P:1e-11	Tpos:26.0,Tstd:7.1,Bpos:22.7,Bstd:14.4,StrandBias:1.0,Multiplicity:1.00
0.101	0.001	0.001	0.897
0.001	0.132	0.099	0.768
0.997	0.001	0.001	0.001
0.872	0.126	0.001	0.001
0.833	0.165	0.001	0.001
0.001	0.001	0.001	0.997
0.001	0.001	0.001	0.997
0.001	0.001	0.001	0.997
0.001	0.001	0.001	0.997
0.109	0.001	0.889	0.001
>ATTTGTTTCT	3-ATTTGTTTCT	8.650847	-19.217710	0	T:20.0(19.61%),B:1762.2(4.04%),P:1e-8	Tpos:27.2,Tstd:10.3,Bpos:21.3,Bstd:14.2,StrandBias:-0.5,Multiplicity:1.00
0.538	0.161	0.300	0.001
0.382	0.001	0.001	0.616
0.162	0.001	0.001	0.836
0.001	0.001	0.189	0.809
0.300	0.001	0.678	0.021
0.001	0.001	0.001	0.997
0.171	0.001	0.001	0.827
0.001	0.001	0.016	0.982
0.010	0.700	0.147	0.143
0.001	0.317	0.001	0.681
>GTTCAGAACT	4-GTTCAGAACT	12.409421	-12.821399	0	T:2.0(1.96%),B:1.8(0.00%),P:1e-5	Tpos:10.7,Tstd:2.1,Bpos:21.0,Bstd:4.5,StrandBias:1.0,Multiplicity:1.00
0.001	0.001	0.997	0.001
0.001	0.001	0.001	0.997
0.001	0.001	0.001	0.997
0.001	0.997	0.001	0.001
0.652	0.001	0.001	0.346
0.001	0.001	0.997	0.001
0.997	0.001	0.001	0.001
0.997	0.001	0.001	0.001
0.001	0.997	0.001	0.001
0.306	0.001	0.001	0.692
>ACAAACAAAC	5-ACAAACAAAC	8.350283	-12.349994	0	T:15.0(14.71%),B:1583.0(3.63%),P:1e-5	Tpos:25.0,Tstd:8.7,Bpos:22.2,Bstd:18.4,StrandBias:-1.3,Multiplicity:1.00
0.700	0.100	0.100	0.100
0.100	0.700	0.100	0.100
0.700	0.100	0.100	0.100
0.700	0.100	0.100	0.100
0.700	0.100	0.100	0.100
0.100	0.700	0.100	0.100
0.700	0.100	0.100	0.100
0.700	0.100	0.100	0.100
0.700	0.100	0.100	0.100
0.100	0.700	0.100	0.100
