>CAKAYCTGCTAA	5-TTAGCAGRTMTG	8.112372	-16.646628	0	T:8.0(8.51%),B:265.8(0.55%),P:1e-7
0.098	0.606	0.295	0.001
0.802	0.001	0.001	0.196
0.197	0.099	0.409	0.295
0.803	0.098	0.001	0.098
0.013	0.494	0.001	0.492
0.112	0.494	0.098	0.295
0.097	0.001	0.001	0.901
0.001	0.001	0.802	0.196
0.014	0.592	0.295	0.099
0.098	0.197	0.001	0.704
0.803	0.001	0.098	0.098
0.606	0.098	0.001	0.295
